7^2+9-26/2

ans =

    45

(4^3-17+13)/(2*3^2)

ans =

    3.3333

2.87*(9/3.6)*(5+4)

ans =

   64.5750

sqrt(35)

ans =

    5.9161

sin(pi)

ans =

   1.2246e-16

diary off
