2/6

ans =

    0.3333

format long
2/6

ans =

   0.333333333333333

20/6

ans =

   3.333333333333333

2000/6

ans =

     3.333333333333333e+02

20000000000/6

ans =

     3.333333333333333e+09

0.333

ans =

   0.333000000000000

format short
2/6

ans =

    0.3333

20/6

ans =

    3.3333

2000/6

ans =

  333.3333

20000000000/6

ans =

   3.3333e+09

0.333

ans =

    0.3330

format rat
2/6

ans =

       1/3     

20/6

ans =

      10/3     

2000/6

ans =

    1000/3     

0.333

ans =

     333/1000  

format short e
2000/6

ans =

   3.3333e+02

2/6

ans =

   3.3333e-01

0.333

ans =

   3.3300e-01

diary off
