a=0:0.01:10

a =

  Columns 1 through 5

         0    0.0100    0.0200    0.0300    0.0400

  Columns 6 through 10

    0.0500    0.0600    0.0700    0.0800    0.0900

  Columns 11 through 15

    0.1000    0.1100    0.1200    0.1300    0.1400

  Columns 16 through 20

    0.1500    0.1600    0.1700    0.1800    0.1900

  Columns 21 through 25

    0.2000    0.2100    0.2200    0.2300    0.2400

  Columns 26 through 30

    0.2500    0.2600    0.2700    0.2800    0.2900

  Columns 31 through 35

    0.3000    0.3100    0.3200    0.3300    0.3400

  Columns 36 through 40

    0.3500    0.3600    0.3700    0.3800    0.3900

  Columns 41 through 45

    0.4000    0.4100    0.4200    0.4300    0.4400

  Columns 46 through 50

    0.4500    0.4600    0.4700    0.4800    0.4900

  Columns 51 through 55

    0.5000    0.5100    0.5200    0.5300    0.5400

  Columns 56 through 60

    0.5500    0.5600    0.5700    0.5800    0.5900

  Columns 61 through 65

    0.6000    0.6100    0.6200    0.6300    0.6400

  Columns 66 through 70

    0.6500    0.6600    0.6700    0.6800    0.6900

  Columns 71 through 75

    0.7000    0.7100    0.7200    0.7300    0.7400

  Columns 76 through 80

    0.7500    0.7600    0.7700    0.7800    0.7900

  Columns 81 through 85

    0.8000    0.8100    0.8200    0.8300    0.8400

  Columns 86 through 90

    0.8500    0.8600    0.8700    0.8800    0.8900

  Columns 91 through 95

    0.9000    0.9100    0.9200    0.9300    0.9400

  Columns 96 through 100

    0.9500    0.9600    0.9700    0.9800    0.9900

  Columns 101 through 105

    1.0000    1.0100    1.0200    1.0300    1.0400

  Columns 106 through 110

    1.0500    1.0600    1.0700    1.0800    1.0900

  Columns 111 through 115

    1.1000    1.1100    1.1200    1.1300    1.1400

  Columns 116 through 120

    1.1500    1.1600    1.1700    1.1800    1.1900

  Columns 121 through 125

    1.2000    1.2100    1.2200    1.2300    1.2400

  Columns 126 through 130

    1.2500    1.2600    1.2700    1.2800    1.2900

  Columns 131 through 135

    1.3000    1.3100    1.3200    1.3300    1.3400

  Columns 136 through 140

    1.3500    1.3600    1.3700    1.3800    1.3900

  Columns 141 through 145

    1.4000    1.4100    1.4200    1.4300    1.4400

  Columns 146 through 150

    1.4500    1.4600    1.4700    1.4800    1.4900

  Columns 151 through 155

    1.5000    1.5100    1.5200    1.5300    1.5400

  Columns 156 through 160

    1.5500    1.5600    1.5700    1.5800    1.5900

  Columns 161 through 165

    1.6000    1.6100    1.6200    1.6300    1.6400

  Columns 166 through 170

    1.6500    1.6600    1.6700    1.6800    1.6900

  Columns 171 through 175

    1.7000    1.7100    1.7200    1.7300    1.7400

  Columns 176 through 180

    1.7500    1.7600    1.7700    1.7800    1.7900

  Columns 181 through 185

    1.8000    1.8100    1.8200    1.8300    1.8400

  Columns 186 through 190

    1.8500    1.8600    1.8700    1.8800    1.8900

  Columns 191 through 195

    1.9000    1.9100    1.9200    1.9300    1.9400

  Columns 196 through 200

    1.9500    1.9600    1.9700    1.9800    1.9900

  Columns 201 through 205

    2.0000    2.0100    2.0200    2.0300    2.0400

  Columns 206 through 210

    2.0500    2.0600    2.0700    2.0800    2.0900

  Columns 211 through 215

    2.1000    2.1100    2.1200    2.1300    2.1400

  Columns 216 through 220

    2.1500    2.1600    2.1700    2.1800    2.1900

  Columns 221 through 225

    2.2000    2.2100    2.2200    2.2300    2.2400

  Columns 226 through 230

    2.2500    2.2600    2.2700    2.2800    2.2900

  Columns 231 through 235

    2.3000    2.3100    2.3200    2.3300    2.3400

  Columns 236 through 240

    2.3500    2.3600    2.3700    2.3800    2.3900

  Columns 241 through 245

    2.4000    2.4100    2.4200    2.4300    2.4400

  Columns 246 through 250

    2.4500    2.4600    2.4700    2.4800    2.4900

  Columns 251 through 255

    2.5000    2.5100    2.5200    2.5300    2.5400

  Columns 256 through 260

    2.5500    2.5600    2.5700    2.5800    2.5900

  Columns 261 through 265

    2.6000    2.6100    2.6200    2.6300    2.6400

  Columns 266 through 270

    2.6500    2.6600    2.6700    2.6800    2.6900

  Columns 271 through 275

    2.7000    2.7100    2.7200    2.7300    2.7400

  Columns 276 through 280

    2.7500    2.7600    2.7700    2.7800    2.7900

  Columns 281 through 285

    2.8000    2.8100    2.8200    2.8300    2.8400

  Columns 286 through 290

    2.8500    2.8600    2.8700    2.8800    2.8900

  Columns 291 through 295

    2.9000    2.9100    2.9200    2.9300    2.9400

  Columns 296 through 300

    2.9500    2.9600    2.9700    2.9800    2.9900

  Columns 301 through 305

    3.0000    3.0100    3.0200    3.0300    3.0400

  Columns 306 through 310

    3.0500    3.0600    3.0700    3.0800    3.0900

  Columns 311 through 315

    3.1000    3.1100    3.1200    3.1300    3.1400

  Columns 316 through 320

    3.1500    3.1600    3.1700    3.1800    3.1900

  Columns 321 through 325

    3.2000    3.2100    3.2200    3.2300    3.2400

  Columns 326 through 330

    3.2500    3.2600    3.2700    3.2800    3.2900

  Columns 331 through 335

    3.3000    3.3100    3.3200    3.3300    3.3400

  Columns 336 through 340

    3.3500    3.3600    3.3700    3.3800    3.3900

  Columns 341 through 345

    3.4000    3.4100    3.4200    3.4300    3.4400

  Columns 346 through 350

    3.4500    3.4600    3.4700    3.4800    3.4900

  Columns 351 through 355

    3.5000    3.5100    3.5200    3.5300    3.5400

  Columns 356 through 360

    3.5500    3.5600    3.5700    3.5800    3.5900

  Columns 361 through 365

    3.6000    3.6100    3.6200    3.6300    3.6400

  Columns 366 through 370

    3.6500    3.6600    3.6700    3.6800    3.6900

  Columns 371 through 375

    3.7000    3.7100    3.7200    3.7300    3.7400

  Columns 376 through 380

    3.7500    3.7600    3.7700    3.7800    3.7900

  Columns 381 through 385

    3.8000    3.8100    3.8200    3.8300    3.8400

  Columns 386 through 390

    3.8500    3.8600    3.8700    3.8800    3.8900

  Columns 391 through 395

    3.9000    3.9100    3.9200    3.9300    3.9400

  Columns 396 through 400

    3.9500    3.9600    3.9700    3.9800    3.9900

  Columns 401 through 405

    4.0000    4.0100    4.0200    4.0300    4.0400

  Columns 406 through 410

    4.0500    4.0600    4.0700    4.0800    4.0900

  Columns 411 through 415

    4.1000    4.1100    4.1200    4.1300    4.1400

  Columns 416 through 420

    4.1500    4.1600    4.1700    4.1800    4.1900

  Columns 421 through 425

    4.2000    4.2100    4.2200    4.2300    4.2400

  Columns 426 through 430

    4.2500    4.2600    4.2700    4.2800    4.2900

  Columns 431 through 435

    4.3000    4.3100    4.3200    4.3300    4.3400

  Columns 436 through 440

    4.3500    4.3600    4.3700    4.3800    4.3900

  Columns 441 through 445

    4.4000    4.4100    4.4200    4.4300    4.4400

  Columns 446 through 450

    4.4500    4.4600    4.4700    4.4800    4.4900

  Columns 451 through 455

    4.5000    4.5100    4.5200    4.5300    4.5400

  Columns 456 through 460

    4.5500    4.5600    4.5700    4.5800    4.5900

  Columns 461 through 465

    4.6000    4.6100    4.6200    4.6300    4.6400

  Columns 466 through 470

    4.6500    4.6600    4.6700    4.6800    4.6900

  Columns 471 through 475

    4.7000    4.7100    4.7200    4.7300    4.7400

  Columns 476 through 480

    4.7500    4.7600    4.7700    4.7800    4.7900

  Columns 481 through 485

    4.8000    4.8100    4.8200    4.8300    4.8400

  Columns 486 through 490

    4.8500    4.8600    4.8700    4.8800    4.8900

  Columns 491 through 495

    4.9000    4.9100    4.9200    4.9300    4.9400

  Columns 496 through 500

    4.9500    4.9600    4.9700    4.9800    4.9900

  Columns 501 through 505

    5.0000    5.0100    5.0200    5.0300    5.0400

