clear
a=1.4*10^154

a =

  1.4000e+154

b=1.3*10^154

b =

  1.3000e+154

a^2-b^2

ans =

   Inf

a=a/1000

a =

  1.4000e+151

diary off
